SignalFile: /data00/OOsamples/Skims/skim_HiForest_250520_Hijing_MinimumBias_b015_OO_5362GeV_250518.root
BackgroundFileSD: /data00/OOsamples/Skims/skim_HiForest_250514_Starlight_SingleDiffraction_OO_5362GeV_1505PR47944.root
BackgroundFileDD: /data00/OOsamples/Skims/skim_HiForest_250514_Starlight_SingleDiffraction_OO_5362GeV_1505PR47944.root
xsec_SD: 0.3 xsec_DD: 0.0003 xsec_had: 1.3 N: 31 xMax: 30 trkptcut: 9
HFEMaxCut Eff_Hijing(AND) Eff_Hijing(OR) Eff_SD(AND) Eff_SD(OR) BKGRej(AND) BKGRej(OR) Purity(AND) Purity(OR)
0 0.998775 0.998775 0.620438 0.620438 0.211698 0.211714 0.379562 0.379562 0.874583 0.874583
1 0.998775 0.998775 0.620438 0.620438 0.211698 0.211714 0.379562 0.379562 0.874583 0.874583
2 0.99865 0.998775 0.576642 0.620438 0.189574 0.211392 0.423358 0.379562 0.882383 0.874583
3 0.998325 0.998775 0.20438 0.620438 0.06563 0.201206 0.79562 0.379562 0.954874 0.874584
4 0.998125 0.998775 0.0729927 0.620438 0.021444 0.193982 0.927007 0.379562 0.983399 0.874586
5 0.997949 0.998775 0.0218978 0.605839 0.01151 0.190472 0.978102 0.394161 0.994959 0.877174
6 0.997749 0.998775 0.0145985 0.605839 0.0087 0.187576 0.985401 0.394161 0.996633 0.877175
7 0.997549 0.998775 0.0145985 0.591241 0.006922 0.183866 0.985401 0.408759 0.996633 0.879778
8 0.997149 0.998775 0.0145985 0.583942 0.005528 0.17954 0.985401 0.416058 0.996632 0.881086
9 0.996949 0.998775 0.00729927 0.569343 0.004502 0.174512 0.992701 0.430657 0.998312 0.883714
10 0.996299 0.998725 0.00729927 0.554745 0.003602 0.168728 0.992701 0.445255 0.998311 0.886352
11 0.995374 0.99865 0.00729927 0.525547 0.002946 0.16242 0.992701 0.474453 0.99831 0.891677
12 0.994524 0.998525 0.00729927 0.49635 0.002368 0.15576 0.992701 0.50365 0.998309 0.897064
13 0.993598 0.998375 0 0.49635 0.001918 0.148782 1 0.50365 1 0.897051
14 0.992748 0.998275 0 0.489051 0.001558 0.141452 1 0.510949 1 0.898403
15 0.991423 0.998175 0 0.452555 0.001258 0.134162 1 0.547445 1 0.905258
16 0.990148 0.998025 0 0.408759 0.000996 0.126786 1 0.591241 1 0.913622
17 0.988522 0.997799 0 0.386861 0.00078 0.119532 1 0.613139 1 0.917852
18 0.986797 0.997499 0 0.372263 0.000644 0.112542 1 0.627737 1 0.920685
19 0.984971 0.997049 0 0.350365 0.00053 0.105572 1 0.649635 1 0.924969
20 0.982396 0.996674 0 0.335766 0.000432 0.099056 1 0.664234 1 0.927845
21 0.97997 0.996299 0 0.306569 0.000344 0.092622 1 0.693431 1 0.93368
22 0.977119 0.995749 0 0.277372 0.000278 0.086634 1 0.722628 1 0.939583
23 0.974644 0.995199 0 0.255474 0.00021 0.080828 1 0.744526 1 0.944056
24 0.972143 0.994274 0 0.255474 0.000168 0.07552 1 0.744526 1 0.944008
25 0.969017 0.993498 0 0.240876 0.000138 0.070426 1 0.759124 1 0.946999
26 0.966142 0.992673 0 0.233577 0.000118 0.065652 1 0.766423 1 0.948483
27 0.962991 0.992098 0 0.233577 0.000106 0.061158 1 0.766423 1 0.948455
28 0.95994 0.991248 0 0.218978 9.2e-05 0.05682 1 0.781022 1 0.951481
29 0.956814 0.990123 0 0.20438 7.6e-05 0.052876 1 0.79562 1 0.95452
30 0.953113 0.989297 0 0.189781 6.6e-05 0.04927 1 0.810219 1 0.957597
