SignalFile: /data00/OOsamples/Skims/skim_HiForest_250520_Hijing_MinimumBias_b015_OO_5362GeV_250518.root
BackgroundFileSD: /data00/OOsamples/Skims/skim_HiForest_250514_Starlight_SingleDiffraction_OO_5362GeV_1505PR47944.root
BackgroundFileDD: /data00/OOsamples/Skims/skim_HiForest_250514_Starlight_SingleDiffraction_OO_5362GeV_1505PR47944.root
xsec_SD: 0.3 xsec_DD: 0.0003 xsec_had: 1.3 N: 31 xMax: 30 trkptcut: 7
HFEMaxCut Eff_Hijing(AND) Eff_Hijing(OR) Eff_SD(AND) Eff_SD(OR) BKGRej(AND) BKGRej(OR) Purity(AND) Purity(OR)
0 0.998915 0.998915 0.637931 0.637931 0.211698 0.211714 0.362069 0.362069 0.871518 0.871518
1 0.998915 0.998915 0.637931 0.637931 0.211698 0.211714 0.362069 0.362069 0.871518 0.871518
2 0.998844 0.998915 0.591954 0.637931 0.189574 0.211392 0.408046 0.362069 0.879657 0.871518
3 0.998587 0.998915 0.229885 0.637931 0.06563 0.201206 0.770115 0.362069 0.949541 0.87152
4 0.998415 0.998901 0.0804598 0.637931 0.021444 0.193982 0.91954 0.362069 0.981738 0.871519
5 0.998273 0.998901 0.0229885 0.626437 0.01151 0.190472 0.977011 0.373563 0.994711 0.873541
6 0.99813 0.998901 0.0172414 0.62069 0.0087 0.187576 0.982759 0.37931 0.996028 0.874556
7 0.99793 0.998901 0.0172414 0.609195 0.006922 0.183866 0.982759 0.390805 0.996027 0.876593
8 0.997616 0.998887 0.0172414 0.603448 0.005528 0.17954 0.982759 0.396552 0.996026 0.877613
9 0.997388 0.998872 0.00574713 0.586207 0.004502 0.174512 0.994253 0.413793 0.998671 0.880691
10 0.996817 0.998844 0.00574713 0.574713 0.003602 0.168728 0.994253 0.425287 0.99867 0.882754
11 0.995989 0.998801 0.00574713 0.54023 0.002946 0.16242 0.994253 0.45977 0.998669 0.889003
12 0.995218 0.998687 0.00574713 0.511494 0.002368 0.15576 0.994253 0.488506 0.998669 0.894272
13 0.994333 0.998587 0 0.505747 0.001918 0.148782 1 0.494253 1 0.895327
14 0.993505 0.998487 0 0.5 0.001558 0.141452 1 0.5 1 0.896385
15 0.992306 0.998415 0 0.465517 0.001258 0.134162 1 0.534483 1 0.90283
16 0.991121 0.998244 0 0.431034 0.000996 0.126786 1 0.568966 1 0.909361
17 0.989622 0.998059 0 0.413793 0.00078 0.119532 1 0.586207 1 0.912655
18 0.988023 0.997773 0 0.402299 0.000644 0.112542 1 0.597701 1 0.914853
19 0.986353 0.997431 0 0.37931 0.00053 0.105572 1 0.62069 1 0.919301
20 0.984098 0.997088 0 0.367816 0.000432 0.099056 1 0.632184 1 0.92153
21 0.981585 0.996831 0 0.33908 0.000344 0.092622 1 0.66092 1 0.927197
22 0.978802 0.996388 0 0.304598 0.000278 0.086634 1 0.695402 1 0.934085
23 0.976504 0.99586 0 0.281609 0.00021 0.080828 1 0.718391 1 0.938724
24 0.973634 0.995047 0 0.281609 0.000168 0.07552 1 0.718391 1 0.938678
25 0.970408 0.994276 0 0.264368 0.000138 0.070426 1 0.735632 1 0.942174
26 0.96751 0.993591 0 0.252874 0.000118 0.065652 1 0.747126 1 0.944513
27 0.964284 0.993062 0 0.252874 0.000106 0.061158 1 0.747126 1 0.944486
28 0.96093 0.992334 0 0.241379 9.2e-05 0.05682 1 0.758621 1 0.946838
29 0.957561 0.991321 0 0.224138 7.6e-05 0.052876 1 0.775862 1 0.950399
30 0.953721 0.990407 0 0.212644 6.6e-05 0.04927 1 0.787356 1 0.952782
