SignalFile: /data00/OOsamples/Skims/skim_HiForest_250520_Hijing_MinimumBias_b015_OO_5362GeV_250518.root
BackgroundFileSD: /data00/OOsamples/Skims/skim_HiForest_250514_Starlight_SingleDiffraction_OO_5362GeV_1505PR47944.root
BackgroundFileDD: /data00/OOsamples/Skims/skim_HiForest_250514_Starlight_SingleDiffraction_OO_5362GeV_1505PR47944.root
xsec_SD: 0.3 xsec_DD: 0.0003 xsec_had: 1.3 N: 31 xMax: 30 trkptcut: 0
HFEMaxCut Eff_Hijing(AND) Eff_Hijing(OR) Eff_SD(AND) Eff_SD(OR) BKGRej(AND) BKGRej(OR) Purity(AND) Purity(OR)
0 0.989944 0.98995 0.531392 0.531432 0.211698 0.211714 0.468608 0.468568 0.88974 0.889733
1 0.989944 0.98995 0.531392 0.531432 0.211698 0.211714 0.468608 0.468568 0.88974 0.889733
2 0.986827 0.989947 0.475857 0.530624 0.189574 0.211392 0.524143 0.469376 0.899828 0.889882
3 0.972072 0.989815 0.164741 0.505055 0.06563 0.201206 0.835259 0.494945 0.962348 0.894616
4 0.965288 0.989506 0.0538275 0.486922 0.021444 0.193982 0.946173 0.513078 0.98729 0.897986
5 0.960907 0.989037 0.0288917 0.478112 0.01151 0.190472 0.971108 0.521888 0.993107 0.899603
6 0.956292 0.988382 0.0218382 0.470842 0.0087 0.187576 0.978162 0.529158 0.994756 0.90092
7 0.950641 0.987467 0.0173752 0.46153 0.006922 0.183866 0.982625 0.53847 0.995798 0.902607
8 0.943519 0.986207 0.0138761 0.450671 0.005528 0.17954 0.986124 0.549329 0.996616 0.90457
9 0.935045 0.984567 0.0113007 0.43805 0.004502 0.174512 0.988699 0.56195 0.997218 0.906854
10 0.925477 0.982611 0.00904153 0.423531 0.003602 0.168728 0.990958 0.576469 0.99775 0.909498
11 0.914904 0.980055 0.00739488 0.407697 0.002946 0.16242 0.992605 0.592303 0.998137 0.912378
12 0.903301 0.977089 0.00594401 0.39098 0.002368 0.15576 0.994056 0.60902 0.998483 0.915434
13 0.890847 0.973576 0.00481445 0.373464 0.001918 0.148782 0.995186 0.626536 0.998754 0.918646
14 0.877876 0.969616 0.0039108 0.355064 0.001558 0.141452 0.996089 0.644936 0.998973 0.922051
15 0.864304 0.965134 0.00315776 0.336766 0.001258 0.134162 0.996842 0.663234 0.999157 0.925451
16 0.850326 0.960093 0.0025001 0.318251 0.000996 0.126786 0.9975 0.681749 0.999322 0.928914
17 0.835824 0.954496 0.00195791 0.300042 0.00078 0.119532 0.998042 0.699958 0.99946 0.93234
18 0.82081 0.948424 0.00161653 0.282496 0.000644 0.112542 0.998383 0.717504 0.999546 0.93566
19 0.806194 0.941946 0.00133037 0.265001 0.00053 0.105572 0.99867 0.734999 0.999619 0.939012
20 0.791483 0.935117 0.00108438 0.248645 0.000432 0.099056 0.998916 0.751355 0.999684 0.942165
21 0.776955 0.927727 0.000863488 0.232494 0.000344 0.092622 0.999137 0.767506 0.999743 0.945309
22 0.762227 0.920193 0.000697819 0.217464 0.000278 0.086634 0.999302 0.782536 0.999789 0.948265
23 0.747685 0.91215 0.00052713 0.20289 0.00021 0.080828 0.999473 0.79711 0.999837 0.951158
24 0.733302 0.903979 0.000421704 0.189566 0.000168 0.07552 0.999578 0.810434 0.999867 0.953824
25 0.719301 0.89554 0.000346399 0.176779 0.000138 0.070426 0.999654 0.823221 0.999889 0.956414
26 0.705228 0.886858 0.000296197 0.164796 0.000118 0.065652 0.999704 0.835204 0.999903 0.958866
27 0.691418 0.878103 0.000266075 0.153515 0.000106 0.061158 0.999734 0.846485 0.999911 0.961205
28 0.677863 0.869104 0.000230933 0.142626 9.2e-05 0.05682 0.999769 0.857374 0.999921 0.963497
29 0.664513 0.859929 0.000190771 0.132726 7.6e-05 0.052876 0.999809 0.867274 0.999934 0.965594
30 0.65139 0.850675 0.000165669 0.123675 6.6e-05 0.04927 0.999834 0.876325 0.999941 0.967526
