SignalFile: /data00/OOsamples/Skims/skim_HiForest_250520_Hijing_MinimumBias_b015_OO_5362GeV_250518.root
BackgroundFileSD: /data00/OOsamples/Skims/skim_HiForest_250514_Starlight_SingleDiffraction_OO_5362GeV_1505PR47944.root
BackgroundFileDD: /data00/OOsamples/Skims/skim_HiForest_250514_Starlight_SingleDiffraction_OO_5362GeV_1505PR47944.root
xsec_SD: 0.3 xsec_DD: 0.0003 xsec_had: 1.3 N: 31 xMax: 30 trkptcut: 5
HFEMaxCut Eff_Hijing(AND) Eff_Hijing(OR) Eff_SD(AND) Eff_SD(OR) BKGRej(AND) BKGRej(OR) Purity(AND) Purity(OR)
0 0.99904 0.99904 0.675585 0.675585 0.211698 0.211714 0.324415 0.324415 0.864975 0.864975
1 0.99904 0.99904 0.675585 0.675585 0.211698 0.211714 0.324415 0.324415 0.864975 0.864975
2 0.998988 0.99904 0.625418 0.675585 0.189574 0.211392 0.374582 0.324415 0.873731 0.864975
3 0.998745 0.99904 0.237458 0.672241 0.06563 0.201206 0.762542 0.327759 0.947973 0.865555
4 0.998598 0.999033 0.103679 0.668896 0.021444 0.193982 0.896321 0.331104 0.976596 0.866135
5 0.998444 0.999033 0.0635452 0.662207 0.01151 0.190472 0.936455 0.337793 0.985523 0.867296
6 0.998278 0.999033 0.0535117 0.658863 0.0087 0.187576 0.946488 0.341137 0.987779 0.867878
7 0.998092 0.99902 0.0468227 0.652174 0.006922 0.183866 0.953177 0.347826 0.989288 0.869042
8 0.997765 0.998995 0.0434783 0.635452 0.005528 0.17954 0.956522 0.364548 0.990043 0.871968
9 0.997387 0.998975 0.0301003 0.615385 0.004502 0.174512 0.9699 0.384615 0.993083 0.875505
10 0.996843 0.998924 0.0200669 0.605351 0.003602 0.168728 0.979933 0.394649 0.995375 0.877281
11 0.996145 0.998867 0.0133779 0.565217 0.002946 0.16242 0.986622 0.434783 0.99691 0.88447
12 0.995383 0.998777 0.0133779 0.545151 0.002368 0.15576 0.986622 0.454849 0.996908 0.888104
13 0.994506 0.998681 0.00334448 0.535117 0.001918 0.148782 0.996656 0.464883 0.999224 0.889928
14 0.993558 0.998585 0 0.528428 0.001558 0.141452 1 0.471572 1 0.891146
15 0.992297 0.99847 0 0.498328 0.001258 0.134162 1 0.501672 1 0.896695
16 0.990837 0.998303 0 0.461538 0.000996 0.126786 1 0.538462 1 0.903572
17 0.989191 0.998143 0 0.444816 0.00078 0.119532 1 0.555184 1 0.906726
18 0.987398 0.997906 0 0.428094 0.000644 0.112542 1 0.571906 1 0.909898
19 0.985522 0.997586 0 0.404682 0.00053 0.105572 1 0.595318 1 0.914379
20 0.983025 0.997291 0 0.391304 0.000432 0.099056 1 0.608696 1 0.916952
21 0.980438 0.996926 0 0.364548 0.000344 0.092622 1 0.635452 1 0.922163
22 0.977614 0.996421 0 0.341137 0.000278 0.086634 1 0.658863 1 0.926761
23 0.974803 0.995863 0 0.317726 0.00021 0.080828 1 0.682274 1 0.931407
24 0.971608 0.995146 0 0.304348 0.000168 0.07552 1 0.695652 1 0.934061
25 0.968016 0.994448 0 0.29097 0.000138 0.070426 1 0.70903 1 0.936735
26 0.964603 0.993654 0 0.277592 0.000118 0.065652 1 0.722408 1 0.939422
27 0.960972 0.992956 0 0.270903 0.000106 0.061158 1 0.729097 1 0.940757
28 0.957053 0.992066 0 0.264214 9.2e-05 0.05682 1 0.735786 1 0.942087
29 0.953096 0.990933 0 0.240803 7.6e-05 0.052876 1 0.759197 1 0.946888
30 0.948556 0.989876 0 0.230769 6.6e-05 0.04927 1 0.769231 1 0.948937
