SignalFile: /data00/OOsamples/Skims/skim_HiForest_250520_Hijing_MinimumBias_b015_OO_5362GeV_250518.root
BackgroundFileSD: /data00/OOsamples/Skims/skim_HiForest_250514_Starlight_SingleDiffraction_OO_5362GeV_1505PR47944.root
BackgroundFileDD: /data00/OOsamples/Skims/skim_HiForest_250514_Starlight_SingleDiffraction_OO_5362GeV_1505PR47944.root
xsec_SD: 0.3 xsec_DD: 0.0003 xsec_had: 1.3 N: 31 xMax: 30 trkptcut: 10
HFEMaxCut Eff_Hijing(AND) Eff_Hijing(OR) Eff_SD(AND) Eff_SD(OR) BKGRej(AND) BKGRej(OR) Purity(AND) Purity(OR)
0 0.998765 0.998765 0.612069 0.612069 0.211698 0.211714 0.387931 0.387931 0.876063 0.876063
1 0.998765 0.998765 0.612069 0.612069 0.211698 0.211714 0.387931 0.387931 0.876063 0.876063
2 0.998611 0.998765 0.560345 0.612069 0.189574 0.211392 0.439655 0.387931 0.885321 0.876063
3 0.998302 0.998765 0.198276 0.612069 0.06563 0.201206 0.801724 0.387931 0.956161 0.876065
4 0.998086 0.998765 0.0517241 0.612069 0.021444 0.193982 0.948276 0.387931 0.988177 0.876066
5 0.997932 0.998765 0.0258621 0.594828 0.01151 0.190472 0.974138 0.405172 0.994052 0.879135
6 0.997716 0.998765 0.0172414 0.594828 0.0087 0.187576 0.982759 0.405172 0.996026 0.879136
7 0.997531 0.998765 0.0172414 0.577586 0.006922 0.183866 0.982759 0.422414 0.996026 0.882226
8 0.997099 0.998765 0.0172414 0.568966 0.005528 0.17954 0.982759 0.431034 0.996024 0.88378
9 0.996883 0.998765 0.00862069 0.551724 0.004502 0.174512 0.991379 0.448276 0.998007 0.886903
10 0.996235 0.998704 0.00862069 0.543103 0.003602 0.168728 0.991379 0.456897 0.998006 0.888468
11 0.995216 0.998611 0.00862069 0.508621 0.002946 0.16242 0.991379 0.491379 0.998004 0.894795
12 0.994259 0.998457 0.00862069 0.482759 0.002368 0.15576 0.991379 0.517241 0.998003 0.899593
13 0.993241 0.998272 0 0.482759 0.001918 0.148782 1 0.517241 1 0.899577
14 0.992315 0.998148 0 0.474138 0.001558 0.141452 1 0.525862 1 0.901183
15 0.990988 0.998025 0 0.431034 0.001258 0.134162 1 0.568966 1 0.909341
16 0.989691 0.99787 0 0.37931 0.000996 0.126786 1 0.62069 1 0.919329
17 0.988025 0.997593 0 0.353448 0.00078 0.119532 1 0.646552 1 0.924394
18 0.986296 0.997315 0 0.336207 0.000644 0.112542 1 0.663793 1 0.927798
19 0.984352 0.996821 0 0.310345 0.00053 0.105572 1 0.689655 1 0.932948
20 0.981574 0.996358 0 0.293103 0.000432 0.099056 1 0.706897 1 0.936409
21 0.979259 0.995957 0 0.258621 0.000344 0.092622 1 0.741379 1 0.943445
22 0.976389 0.995494 0 0.241379 0.000278 0.086634 1 0.758621 1 0.946992
23 0.97392 0.994846 0 0.215517 0.00021 0.080828 1 0.784483 1 0.952371
24 0.971389 0.993858 0 0.215517 0.000168 0.07552 1 0.784483 1 0.952327
25 0.968426 0.993086 0 0.198276 0.000138 0.070426 1 0.801724 1 0.95594
26 0.96571 0.992253 0 0.189655 0.000118 0.065652 1 0.810345 1 0.957741
27 0.962469 0.991759 0 0.189655 0.000106 0.061158 1 0.810345 1 0.957722
28 0.95929 0.990926 0 0.181034 9.2e-05 0.05682 1 0.818966 1 0.959534
29 0.956019 0.989691 0 0.172414 7.6e-05 0.052876 1 0.827586 1 0.96134
30 0.952284 0.988765 0 0.155172 6.6e-05 0.04927 1 0.844828 1 0.965039
