SignalFile: /data00/OOsamples/Skims/skim_HiForest_250520_Hijing_MinimumBias_b015_OO_5362GeV_250518.root
BackgroundFileSD: /data00/OOsamples/Skims/skim_HiForest_250514_Starlight_SingleDiffraction_OO_5362GeV_1505PR47944.root
BackgroundFileDD: /data00/OOsamples/Skims/skim_HiForest_250514_Starlight_SingleDiffraction_OO_5362GeV_1505PR47944.root
xsec_SD: 0.3 xsec_DD: 0.0003 xsec_had: 1.3 N: 31 xMax: 30 trkptcut: 15
HFEMaxCut Eff_Hijing(AND) Eff_Hijing(OR) Eff_SD(AND) Eff_SD(OR) BKGRej(AND) BKGRej(OR) Purity(AND) Purity(OR)
0 0.998257 0.998257 0.617284 0.617284 0.211698 0.211714 0.382716 0.382716 0.875084 0.875084
1 0.998257 0.998257 0.617284 0.617284 0.211698 0.211714 0.382716 0.382716 0.875084 0.875084
2 0.998017 0.998257 0.54321 0.617284 0.189574 0.211392 0.45679 0.382716 0.888376 0.875084
3 0.997536 0.998257 0.197531 0.617284 0.06563 0.201206 0.802469 0.382716 0.956286 0.875086
4 0.997296 0.998257 0.0617284 0.617284 0.021444 0.193982 0.938272 0.382716 0.985913 0.875087
5 0.997116 0.998257 0.037037 0.592593 0.01151 0.190472 0.962963 0.407407 0.991498 0.87948
6 0.996875 0.998257 0.0246914 0.592593 0.0087 0.187576 0.975309 0.407407 0.994315 0.879481
7 0.996755 0.998257 0.0246914 0.580247 0.006922 0.183866 0.975309 0.419753 0.994314 0.881695
8 0.996214 0.998257 0.0246914 0.580247 0.005528 0.17954 0.975309 0.419753 0.994312 0.881696
9 0.995854 0.998257 0.0123457 0.567901 0.004502 0.174512 0.987654 0.432099 0.997146 0.883921
10 0.994952 0.998137 0.0123457 0.555556 0.003602 0.168728 0.987654 0.444444 0.997144 0.886145
11 0.993871 0.998017 0.0123457 0.530864 0.002946 0.16242 0.987654 0.469136 0.997141 0.89064
12 0.992729 0.997716 0.0123457 0.493827 0.002368 0.15576 0.987654 0.506173 0.997138 0.897459
13 0.991767 0.997536 0 0.493827 0.001918 0.148782 1 0.506173 1 0.897444
14 0.990746 0.997416 0 0.481481 0.001558 0.141452 1 0.518519 1 0.89974
15 0.989063 0.997236 0 0.432099 0.001258 0.134162 1 0.567901 1 0.909072
16 0.987621 0.997055 0 0.382716 0.000996 0.126786 1 0.617284 1 0.918603
17 0.986119 0.996635 0 0.358025 0.00078 0.119532 1 0.641975 1 0.923423
18 0.983895 0.996334 0 0.333333 0.000644 0.112542 1 0.666667 1 0.928305
19 0.981732 0.995673 0 0.308642 0.00053 0.105572 1 0.691358 1 0.93322
20 0.978667 0.995193 0 0.296296 0.000432 0.099056 1 0.703704 1 0.935691
21 0.976504 0.994652 0 0.246914 0.000344 0.092622 1 0.753086 1 0.945798
22 0.973679 0.993931 0 0.234568 0.000278 0.086634 1 0.765432 1 0.948333
23 0.970915 0.99321 0 0.209877 0.00021 0.080828 1 0.790123 1 0.953486
24 0.968512 0.992068 0 0.209877 0.000168 0.07552 1 0.790123 1 0.953436
25 0.965747 0.991347 0 0.197531 0.000138 0.070426 1 0.802469 1 0.956024
26 0.962622 0.990445 0 0.185185 0.000118 0.065652 1 0.814815 1 0.958623
27 0.959858 0.989844 0 0.185185 0.000106 0.061158 1 0.814815 1 0.9586
28 0.956373 0.989243 0 0.185185 9.2e-05 0.05682 1 0.814815 1 0.958577
29 0.953068 0.987621 0 0.17284 7.6e-05 0.052876 1 0.82716 1 0.96117
30 0.949222 0.98684 0 0.17284 6.6e-05 0.04927 1 0.82716 1 0.961142
